//Alignment.dll,-1,-1,-1,-1,-1,-1,-1,-1,-1,-1,-1,-1,-1
//ARArrange.dll,-1,-1,-1,-1,-1,-1,-1,-1,-1,-1,-1,-1,-1
//AreaFilter.dll,-1,-1,-1,-1,-1,-1,-1,-1,-1,-1,-1,-1,-1
//AreaShader.dll,-1,-1,-1,-1,5,-1,-1,-1,-1,-1,-1,-1,-1
//AutoAlignment.dll,-1,-1,-1,-1,-1,-1,-1,-1,-1,-1,-1,-1,-1
//AutoClassify.dll,-1,-1,-1,-1,-1,-1,-1,-1,-1,-1,-1,-1,-1
//AutoMaskingPI.dll,-1,-1,-1,-1,-1,-1,-1,-1,-1,-1,-1,-1,-1
//AutoPCBHoleAligner.dll,-1,-1,-1,-1,-1,-1,-1,-1,-1,-1,-1,-1,-1
//AutoSaveImage.dll,-1,-1,-1,-1,-1,-1,-1,-1,-1,-1,-1,-1,-1
//BlockInspection.dll,-1,-1,-1,-1,-1,-1,-1,-1,-1,-1,-1,-1,-1
//CacheTargetImage.dll,-1,-1,-1,-1,-1,-1,-1,-1,-1,-1,-1,-1,-1
//CategorizedShader.dll,-1,-1,-1,-1,-1,-1,-1,-1,-1,-1,-1,-1,-1
//ColorBlockInspection.dll,-1,-1,-1,-1,-1,-1,-1,-1,-1,-1,-1,-1,-1
//DotRegulation.dll,-1,-1,-1,-1,-1,-1,-1,-1,-1,-1,-1,-1,-1
//DynamicClassify.dll,-1,-1,-1,-1,-1,-1,-1,-1,-1,-1,-1,-1,-1
//DynamicMaskingPI.dll,-1,-1,-1,-1,-1,-1,-1,-1,-1,-1,-1,-1,-1
//EulerRing.dll,-1,-1,-1,-1,-1,-1,-1,-1,-1,-1,-1,-1,-1
//Gerber.dll,-1,-1,-1,-1,-1,-1,-1,-1,-1,-1,-1,-1,-1
//ImageChecker.dll,-1,-1,-1,-1,-1,-1,-1,-1,-1,-1,-1,-1,-1
//ImageProcessor.dll,-1,-1,-1,-1,-1,-1,-1,-1,-1,-1,-1,-1,-1
//Learning.dll,-1,-1,-1,-1,-1,-1,-1,-1,-1,-1,-1,-1,-1
//LineEnhancer.dll,-1,-1,-1,-1,-1,-1,-1,-1,-1,-1,-1,-1,-1
//LineEnhancer1L.dll,-1,-1,-1,-1,10,-1,-1,-1,-1,-1,-1,-1,-1
//Masking.dll,-1,-1,-1,-1,-1,-1,-1,-1,-1,-1,-1,-1,-1
//MaskingPI.dll,-1,-1,-1,-1,-1,-1,-1,-1,-1,-1,-1,-1,-1
//MatchingAlignment.dll,-1,-1,-1,-1,-1,-1,-1,-1,-1,-1,-1,-1,-1
//MeasureHole.dll,-1,-1,-1,-1,-1,-1,-1,-1,-1,-1,-1,-1,-1
//MeasureHolePos.dll,-1,-1,-1,-1,-1,-1,-1,-1,-1,-1,-1,-1,-1
//MeasureLineMove.dll,-1,-1,-1,-1,-1,-1,-1,-1,-1,-1,-1,-1,-1
//Naming.dll,-1,-1,-1,-1,-1,-1,-1,-1,-1,-1,-1,-1,-1
//OutlineInspection.dll,-1,-1,-1,-1,-1,-1,-1,-1,-1,-1,-1,-1,-1
//PieceArchitect.dll,-1,-1,-1,-1,-1,-1,-1,-1,-1,-1,-1,-1,-1
//PieceForReview.dll,-1,-1,-1,-1,-1,-1,-1,-1,-1,-1,-1,-1,-1
//PieceReviewSide.dll,-1,-1,-1,-1,-1,-1,-1,-1,-1,-1,-1,-1,-1
//ReviewStructure.dll,-1,-1,-1,-1,-1,-1,-1,-1,-1,-1,-1,-1,-1
//SpotReducer.dll,-1,-1,-1,-1,-1,-1,-1,-1,-1,-1,-1,-1,-1
//StatisticBlock.dll,-1,-1,-1,-1,-1,-1,-1,-1,-1,-1,-1,-1,-1
//StatisticImager.dll,-1,-1,-1,-1,-1,-1,-1,-1,-1,-1,-1,-1,-1
//TrueColorBlock.dll,-1,-1,-1,-1,-1,-1,-1,-1,-1,-1,-1,-1,-1
//TunnelCrack.dll,-1,-1,-1,-1,-1,-1,-1,-1,-1,-1,-1,-1,-1
//VCutInspection.dll,-1,-1,-1,-1,-1,-1,-1,-1,-1,-1,-1,-1,-1
//ZAxisRegulation.dll,-1,-1,-1,-1,-1,-1,-1,-1,-1,-1,-1,-1,-1
